371 136
371 136
371 136
371 137
371 137
371 137
371 137
372 136
374 135
377 135
382 135
390 133
397 132
406 130
413 131
418 130
423 127
428 127
430 129
431 127
432 126
433 125
433 127
433 128
433 128
433 128
433 128
434 125
433 128
434 125
434 125
433 128
434 125
433 128
433 128
433 128
433 128
433 128
434 125
433 126
431 115
428 110
425 105
418 105
414 102
411 103
409 104
408 105
406 107
405 108
404 110
404 109
402 111
400 114
400 113
399 115
399 114
399 114
399 114
399 114
399 113
399 113
399 113
398 116
398 116
399 113
399 113
399 113
399 113
398 116
398 116
398 116
398 116
398 116
398 116
398 116
398 116
398 116
398 116
399 114
399 115
399 115
400 117
399 121
399 123
400 123
400 126
399 132
398 135
398 138
397 143
396 147
395 151
394 154
392 159
390 163
389 168
387 169
386 171
384 174
381 177
383 173
381 176
381 176
381 175
381 176
382 174
383 175
384 174
384 179
385 180
385 186
389 181
390 184
392 187
416 160
417 155
417 153
417 150
417 148
416 146
416 145
416 144
415 144
414 144
412 145
410 146
409 145
407 146
406 145
405 144
403 144
402 144
402 143
401 145
401 143
401 143
401 142
400 145
400 145
400 143
400 143
400 143
400 143
400 143
400 143
400 142
400 142
399 147
398 146
398 146
398 146
398 146
399 145
399 145
399 143
400 145
401 148
404 147
407 149
409 153
413 153
416 157
420 156
443 165
443 165
443 166
443 167
443 167
443 167
443 167
443 167
443 167
443 167
443 167
443 167
443 167
443 167
443 165
440 166
440 158
439 158
432 164
428 164
424 169
421 173
420 170
414 174
412 175
410 176
408 178
407 178
407 174
405 176
405 171
404 169
404 167
404 168
404 165
404 164
404 164
404 164
403 167
403 166
403 167
403 167
403 167
404 169
406 168
406 171
407 169
407 170
407 172
408 171
409 172
409 173
410 171
410 171
409 174
410 171
